0.0,0.0
25.0,0.21078368343738488
50.0,0.19938617864909983
75.0,0.191102294348049
100.0,0.18458753614821058
125.0,0.17924050598741958
150.0,0.17469224512198267
175.0,0.17072657352729298
200.0,0.1672124050553791
225.0,0.1640809580966558
250.0,0.16134256010526854
275.0,0.15905564814863957
300.0,0.15732960698631443
325.0,0.1562867300404869
350.0,0.15585388069461237
375.0,0.15589166059031548
400.0,0.15621404504107195
425.0,0.15664120851369404
450.0,0.15720347602594947
475.0,0.15789639778283102
500.0,0.15854998501648382
525.0,0.15914864380255672
550.0,0.1597396961894967
575.0,0.16028840183775958
600.0,0.16068588017834864
625.0,0.1608839967909934
650.0,0.16091420373668783
675.0,0.16082655362121928
700.0,0.1605554303826048
725.0,0.1601943730956191
750.0,0.1597799546276378
775.0,0.15917788853336357
800.0,0.15849144431566348
825.0,0.15790520407252884
850.0,0.15731295104630375
875.0,0.15670128510598091
900.0,0.15609103247607334
925.0,0.1555347503377013
950.0,0.15497098858491357
975.0,0.15433707205055724
1000.0,0.1537450421128574
1025.0,0.15328611004431558
1050.0,0.15289693471692647
1075.0,0.152520400347354
1100.0,0.15216443324531986
1125.0,0.15181446660240563
1150.0,0.15142644301604702
1175.0,0.15106086162163282
1200.0,0.1507306833819538
1225.0,0.15041380274912888
1250.0,0.15018178121841597
1275.0,0.14999793839419415
1300.0,0.14980784122468635
1325.0,0.14966348685558978
1350.0,0.14949466407457923
1375.0,0.14929812532174272
1400.0,0.1490721005227985
1425.0,0.14885473178683423
1450.0,0.1486150236946334
1475.0,0.14833131150967846
1500.0,0.14801600527348438
1525.0,0.14774565417340785
1550.0,0.14749150052736662
1575.0,0.1472435345887198
1600.0,0.14697245356903677
1625.0,0.14668759360898628
1650.0,0.14643809582497128
1675.0,0.14618207964005867
1700.0,0.1459063761956632
1725.0,0.14566635081159862
1750.0,0.14547401292990608
1775.0,0.14521519020037965
1800.0,0.14492879775718348
1825.0,0.1446620113376933
1850.0,0.14440280555464394
1875.0,0.14419270558396763
1900.0,0.14398562850684668
1925.0,0.14375978426588357
1950.0,0.14360910718627853
1975.0,0.14347215587542647
2000.0,0.14322858325492382
2025.0,0.14298635757333875
2050.0,0.14279504360858022
2075.0,0.14262131410298123
2100.0,0.14242618017155403
2125.0,0.14227856913607148
2150.0,0.14211972922296642
2175.0,0.1420076032327781
2200.0,0.14202175432417527
2225.0,0.14197638445203659
2250.0,0.14181138769158264
2275.0,0.14162444303343905
2300.0,0.14146365295748303
2325.0,0.14131103617304752
2350.0,0.14115618842717967
2375.0,0.14095600720802307
2400.0,0.14080116185590733
2425.0,0.14064265599332987
2450.0,0.14052247563649176
2475.0,0.14047330679812411
2500.0,0.1404231702801226
2525.0,0.14031760086268183
2550.0,0.14025009834573196
2575.0,0.14021624627585313
2600.0,0.14014425044924514
2625.0,0.1400377990694276
2650.0,0.13988768715567657
2675.0,0.1397057173012515
2700.0,0.13958279111341088
2725.0,0.13949287102190755
2750.0,0.13942515458502164
2775.0,0.13938267957006342
2800.0,0.1393468331348331
2825.0,0.13928304864216784
2850.0,0.13915683853715127
2875.0,0.13891763213463043
2900.0,0.13862411320178145
2925.0,0.13838464777084855
2950.0,0.13820433487298767
2975.0,0.13812207588036507
3000.0,0.13805954201908704
3025.0,0.1379803546937542
3050.0,0.13789880594572662
3075.0,0.13780364825651079
3100.0,0.1376675820910675
3125.0,0.13748091926018413
3150.0,0.13729687850788552
3175.0,0.13713309774449264
3200.0,0.13699382865588106
3225.0,0.1368467987926728
3250.0,0.13672308530937735
3275.0,0.13668667391434472
3300.0,0.13664157518352749
3325.0,0.13659146812392312
3350.0,0.13654185744736216
3375.0,0.13644824513838347
3400.0,0.13634800850961426
3425.0,0.13623227902291246
3450.0,0.13611231394127934
3475.0,0.13600552653140402
3500.0,0.13590873497322004
3525.0,0.13581514659350083
3550.0,0.13575266185085255
3575.0,0.13567047322480844
3600.0,0.1355269119282172
3625.0,0.1354189357778388
3650.0,0.13537428273002441
3675.0,0.13530447873986515
3700.0,0.13525238933424322
3725.0,0.13524247650932092
3750.0,0.13518371329098705
3775.0,0.1351718892155916
3800.0,0.13513048061228977
3825.0,0.13510739084555692
3850.0,0.13506223229864578
3875.0,0.1349791403368692
3900.0,0.13491674564849188
3925.0,0.13484831198552544
3950.0,0.13474028368585275
3975.0,0.13464871907173914
4000.0,0.1345739408007017
4025.0,0.13449225475601398
4050.0,0.1343648095539843
4075.0,0.134217309888157
4100.0,0.13409932849092168
4125.0,0.13411362587259956
4150.0,0.1341153827404844
4175.0,0.13406228001798678
4200.0,0.1340023809244245
4225.0,0.1338981507397025
4250.0,0.1338331981085647
4275.0,0.13378518844925122
4300.0,0.13370471291853733
4325.0,0.1336391451240653
4350.0,0.13356390766592743
4375.0,0.13343924612596234
4400.0,0.13326731028141095
4425.0,0.1330950851383782
4450.0,0.13298540174260942
4475.0,0.13297807462880615
4500.0,0.13294284359165504
4525.0,0.1328700328221339
4550.0,0.13276718203075033
4575.0,0.13267358543670735
4600.0,0.13261336231193488
4625.0,0.13259077744457334
4650.0,0.13260065439387012
4675.0,0.13256900060569585
4700.0,0.1325093647551172
4725.0,0.1324775718916292
4750.0,0.13248006953159344
4775.0,0.13246003288646643
4800.0,0.13242993002856074
4825.0,0.1324345924175776
4850.0,0.13235816576357076
4875.0,0.13224568663922612
4900.0,0.13217888755608068
4925.0,0.13215671882991484
4950.0,0.13216644586898071
4975.0,0.13215267744387735
5000.0,0.13208555917774664
5025.0,0.13202139831077822
5050.0,0.1320055670889353
5075.0,0.13200156118187795
5100.0,0.13197971685768198
5125.0,0.1319413642124362
5150.0,0.13195903765019332
5175.0,0.1320040580442598
5200.0,0.13198940905301507
5225.0,0.13183424500805274
5250.0,0.1316551182653806
5275.0,0.13149582558018405
5300.0,0.13138134559550274
5325.0,0.13133054713747708
5350.0,0.1313041145036172
5375.0,0.13129361710552329
5400.0,0.1312401893061121
5425.0,0.13118230864739452
5450.0,0.1311360348627214
5475.0,0.13107665463124413
5500.0,0.13102089038598774
5525.0,0.1309607709971183
5550.0,0.13092053649881147
5575.0,0.13093183949585369
5600.0,0.13101725075602003
5625.0,0.13103173842968135
5650.0,0.130961353330794
5675.0,0.13086395048489896
5700.0,0.13071498563457526
5725.0,0.13056759298557497
5750.0,0.1305306447097179
5775.0,0.1305411399250351
5800.0,0.13049187543883534
5825.0,0.13040544898754458
5850.0,0.13030873902353826
5875.0,0.13020001426755098
5900.0,0.1301079302986641
5925.0,0.13008731740805385
5950.0,0.13011580094639774
5975.0,0.13015651632553588
6000.0,0.1301861727105574
6025.0,0.13022919265581723
6050.0,0.13023789520565168
6075.0,0.130233806300993
6100.0,0.13022279153211982
6125.0,0.13019014126996234
6150.0,0.13015263988423006
6175.0,0.13014266502451252
6200.0,0.13014865626785538
6225.0,0.1300966377476797
6250.0,0.1300472517865264
6275.0,0.13001798577357226
6300.0,0.12998253817626115
6325.0,0.12992706479016955
6350.0,0.12985609521914912
6375.0,0.12981100436618132
6400.0,0.12976922936812924
6425.0,0.12971165246808572
6450.0,0.12966001726497484
6475.0,0.12962634576620122
6500.0,0.12960766081346037
6525.0,0.12959451246105627
6550.0,0.12957141993197202
6575.0,0.1295281953426567
6600.0,0.12951485915337296
6625.0,0.1295196902059812
6650.0,0.12951997997247044
6675.0,0.1295356524375428
6700.0,0.12956924309810053
6725.0,0.12954151242966222
6750.0,0.12947555400206676
6775.0,0.12946625107176082
6800.0,0.1294818980769525
6825.0,0.1294512611529738
6850.0,0.12938449962507692
6875.0,0.12932174734094928
6900.0,0.12928910023590437
6925.0,0.12923157138848226
6950.0,0.12915619417902274
6975.0,0.12905129084740166
7000.0,0.12894795581585125
7025.0,0.12890421298113192
7050.0,0.1289122453405896
7075.0,0.12886936012277506
7100.0,0.12880985970217293
7125.0,0.12879477223678423
7150.0,0.1287981208472679
7175.0,0.12880993377227035
7200.0,0.12884927621576964
7225.0,0.12890572239111572
7250.0,0.12894997623511517
7275.0,0.12894956851527378
7300.0,0.1289148569539229
7325.0,0.12884686371957121
7350.0,0.12874503755777345
7375.0,0.1286012795672924
7400.0,0.12844694630637452
7425.0,0.12830105883702164
7450.0,0.12821541431269692
7475.0,0.12815164329039339
7500.0,0.12811798248776973
7525.0,0.1280993824083124
7550.0,0.12811724783765172
7575.0,0.1281492295647721
7600.0,0.12813330529696443
7625.0,0.12810266479714955
7650.0,0.12808703560012988
7675.0,0.12806669200462023
7700.0,0.1280142151137361
7725.0,0.12797991516429422
7750.0,0.12793388810861084
7775.0,0.12784880867690643
7800.0,0.1277956519366669
7825.0,0.12779833989910236
7850.0,0.12781953267352544
7875.0,0.1278195559965387
7900.0,0.12783635800529483
7925.0,0.12788923262264074
7950.0,0.12793724211670315
7975.0,0.12796446622999794
8000.0,0.1279980748884416
8025.0,0.12808123629280385
8050.0,0.1281625342434204
8075.0,0.12819739209554232
8100.0,0.12821442642103095
8125.0,0.128218450648698
8150.0,0.12818713471313176
8175.0,0.12821354025697404
8200.0,0.12831378825815926
8225.0,0.1283916747168805
8250.0,0.12846702284678144
8275.0,0.1285455590421405
8300.0,0.12858407547274905
8325.0,0.12866059120400056
8350.0,0.12870174654286246
8375.0,0.1287264375909703
8400.0,0.128776220957223
8425.0,0.1287924475368723
8450.0,0.1286766480572568
8475.0,0.12853506003182985
8500.0,0.12841848811217924
8525.0,0.12833248017888998
8550.0,0.12829682114501473
8575.0,0.12831373407275426
8600.0,0.1282866187547328
8625.0,0.12824966939441337
8650.0,0.1282547084669718
8675.0,0.1282874926239586
8700.0,0.12825444830474797
8725.0,0.1281720210024619
8750.0,0.128110865544221
8775.0,0.12801242509124305
8800.0,0.1279061794696222
8825.0,0.12779762978965972
8850.0,0.12768242089713097
8875.0,0.12756593401608066
8900.0,0.1274834302463782
8925.0,0.1273914159960054
8950.0,0.1273298583833904
8975.0,0.1273369624299582
9000.0,0.1273711432267437
9025.0,0.12741837680824974
9050.0,0.1274699070148397
9075.0,0.12753188649864683
9100.0,0.12759447842732055
9125.0,0.12762396213767793
9150.0,0.12765111106473892
9175.0,0.1277244061501428
9200.0,0.12778997654622054
9225.0,0.12783774573109585
9250.0,0.12784515956492393
9275.0,0.12784745446133353
9300.0,0.12787951675036197
9325.0,0.1278757083580161
9350.0,0.12781577723198467
9375.0,0.1277502056235987
9400.0,0.12767952777081454
9425.0,0.12760335238100776
9450.0,0.12751118044150958
9475.0,0.12740974645003966
9500.0,0.1273219393784222
9525.0,0.1272429331027601
9550.0,0.12713353098707475
9575.0,0.12704773901932548
9600.0,0.1270058629931226
9625.0,0.12701803924992985
9650.0,0.1270466705258448
9675.0,0.12705762434759985
9700.0,0.12706415237870575
9725.0,0.12707602522967723
9750.0,0.12709924355116925
9775.0,0.12720502492175093
9800.0,0.1273326786478612
9825.0,0.12744932525926242
9850.0,0.12751790110880135
9875.0,0.1275933137101228
9900.0,0.12767645067298333
9925.0,0.12774211229473642
9950.0,0.12778394991239872
9975.0,0.12782371176444265
10000.0,0.12785271202271087
10025.0,0.12784272054152757
10050.0,0.12777513010534622
10075.0,0.12770541293988746
10100.0,0.12765830446265083
10125.0,0.12763766566657142
10150.0,0.1275905887760922
10175.0,0.1275478091373228
10200.0,0.12754695831294452
10225.0,0.12752482932408796
10250.0,0.1275131163058247
10275.0,0.1275100866701775
10300.0,0.12750654473822665
10325.0,0.12752995227038783
10350.0,0.1275835043604447
10375.0,0.12761482459023177
10400.0,0.1275459619315865
10425.0,0.12739533897587002
10450.0,0.12726164572760795
10475.0,0.12719017183478906
10500.0,0.12714640650509101
10525.0,0.12710231883545584
10550.0,0.12704009513221756
10575.0,0.1269632648133983
10600.0,0.1269279316400127
10625.0,0.1269112013457109
10650.0,0.1269246321197642
10675.0,0.12700360112252487
10700.0,0.12713052493378826
10725.0,0.12727648226633287
10750.0,0.12738742087588795
10775.0,0.1275054935294475
10800.0,0.12757180503183363
10825.0,0.12754891553002679
10850.0,0.1274987119614218
10875.0,0.1274877988920345
10900.0,0.12746561016387725
10925.0,0.12741544708541952
10950.0,0.12740291030554432
10975.0,0.12739153355285518
11000.0,0.127312636664605
11025.0,0.127208613234607
11050.0,0.12710521445232875
11075.0,0.12703571828453394
11100.0,0.1269785040587048
11125.0,0.12691461212466074
11150.0,0.1269006911439486
11175.0,0.12691059245161762
11200.0,0.12696323878102833
11225.0,0.1270339303757515
11250.0,0.127100279227189
11275.0,0.12717576574696085
11300.0,0.1272577572695416
11325.0,0.12737489079076686
11350.0,0.12751106341264978
11375.0,0.12759281873070633
11400.0,0.1276360741953318
11425.0,0.1276305261426116
11450.0,0.12761911326358294
11475.0,0.12761679958183933
11500.0,0.12761097848389683
11525.0,0.12758468749212054
11550.0,0.1275588821128047
11575.0,0.12752163787083123
11600.0,0.12752195028272598
11625.0,0.12752257430380579
11650.0,0.12754583185386492
11675.0,0.1275586765270957
11700.0,0.12756652055820986
11725.0,0.12758735859072226
11750.0,0.12760630576733692
11775.0,0.1275896805729061
11800.0,0.12761045393649745
11825.0,0.12761776209759804
11850.0,0.12766070532623108
11875.0,0.1276900009410638
11900.0,0.12766538349621123
11925.0,0.12767073699173548
11950.0,0.1276873012101017
11975.0,0.12766499363102507
12000.0,0.12764231376332563
12025.0,0.12760910387966143
12050.0,0.12760031098679842
12075.0,0.12761114661792763
12100.0,0.1276237642900269
12125.0,0.12761526376383783
12150.0,0.1276117878247997
12175.0,0.1276281941031802
12200.0,0.12768834934427392
12225.0,0.12773518334991063
12250.0,0.1277220947476795
12275.0,0.1276575577295765
12300.0,0.12762306331851558
12325.0,0.1275805603115072
12350.0,0.12752830488711006
12375.0,0.12745758932771264
12400.0,0.12740702504143572
12425.0,0.12740500196207102
12450.0,0.12744064916153933
12475.0,0.12748351528496646
12500.0,0.12755469672673356
12525.0,0.12765008643074868
12550.0,0.12773502661657146
12575.0,0.12781962220490595
12600.0,0.12785590864184337
12625.0,0.12782963250965185
12650.0,0.12782196752914296
12675.0,0.12784267746535036
12700.0,0.1278278066838
12725.0,0.12784868267656216
12750.0,0.1279049833116523
12775.0,0.12799844327745866
12800.0,0.12810854877743025
12825.0,0.1282621061616673
12850.0,0.12845461300703023
12875.0,0.1286090746972875
12900.0,0.12867518074072828
12925.0,0.12870117594502253
12950.0,0.12872852814232957
12975.0,0.12877576368685506
13000.0,0.12885353061596602
13025.0,0.12893720629756064
13050.0,0.12898695866496138
13075.0,0.1290257352350909
13100.0,0.1290437531172857
13125.0,0.12905389042196136
13150.0,0.12914965265682116
13175.0,0.12925017126028365
13200.0,0.12922337602661674
13225.0,0.12915675793962478
13250.0,0.1291206692328546
13275.0,0.12906991382354713
13300.0,0.12897850214639867
13325.0,0.1288572561910729
13350.0,0.1287831710687467
13375.0,0.12871422373821872
13400.0,0.1286597984597149
13425.0,0.12860510020486546
13450.0,0.12853894821891518
13475.0,0.12851971974413437
13500.0,0.12854432954895698
13525.0,0.12854677703015102
13550.0,0.12855474801840738
13575.0,0.12858517676142234
13600.0,0.12864053023350652
13625.0,0.1286043851765563
13650.0,0.12855256385005936
13675.0,0.12854646770864828
13700.0,0.12850728960495608
13725.0,0.12843909059947742
13750.0,0.12835135312710197
13775.0,0.12825989330922982
13800.0,0.12821617877512895
13825.0,0.1281948798413577
13850.0,0.12810092958911978
13875.0,0.1279668989796522
13900.0,0.1277788051128325
13925.0,0.12760781575178679
13950.0,0.12752217744700725
13975.0,0.12744112790239798
14000.0,0.12743806558859316
14025.0,0.1274988475953932
14050.0,0.12748465066501585
14075.0,0.1274433213028602
14100.0,0.12742742932263318
14125.0,0.12748905671128596
14150.0,0.1276360573668355
14175.0,0.12776576449746765
14200.0,0.12787966074337126
14225.0,0.12795150886364484
14250.0,0.12803140355174747
14275.0,0.12813914848636
14300.0,0.12826244526600397
14325.0,0.12833174826300703
14350.0,0.12829096500913723
14375.0,0.12821783233500747
14400.0,0.12821477915545468
14425.0,0.1281973179749076
14450.0,0.1281893198700131
14475.0,0.12818395301932994
14500.0,0.12813330196927344
14525.0,0.1281602675744199
14550.0,0.1282178306579986
14575.0,0.12821405891607024
14600.0,0.1281318335058511
14625.0,0.128022125917979
14650.0,0.127944879904485
14675.0,0.12784313195969574
14700.0,0.12771008870599343
14725.0,0.12756604473118094
14750.0,0.12745273126158163
14775.0,0.12740306199816573
14800.0,0.12737060717248727
14825.0,0.12734986081859517
14850.0,0.12731865301852252
14875.0,0.12730743036965966
14900.0,0.12734318859839489
14925.0,0.1274585296763634
14950.0,0.12755226706780182
14975.0,0.12757554442059535
15000.0,0.12762101879353524
15025.0,0.12771895286769075
15050.0,0.12788055960956576
15075.0,0.12802737722345137
15100.0,0.12815217840322327
15125.0,0.12827484663197875
15150.0,0.12835608584131394
15175.0,0.12838952955225283
15200.0,0.1283825367202728
15225.0,0.12839403747533276
15250.0,0.12839751099007474
15275.0,0.12838614221904915
15300.0,0.12834644353419947
15325.0,0.12834586949356255
15350.0,0.12843734053388786
15375.0,0.12854167464094537
15400.0,0.12858548788070062
15425.0,0.1286046122170723
15450.0,0.12857329235345552
15475.0,0.1285204357377158
15500.0,0.12851050526498933
15525.0,0.12852614652006464
15550.0,0.12854367333126646
15575.0,0.1285116183588999
15600.0,0.12839860651430127
15625.0,0.12829696751644573
15650.0,0.12826499415726864
15675.0,0.12826533975837273
15700.0,0.12823736998536026
15725.0,0.12818181984604535
15750.0,0.1281325605645182
15775.0,0.1281313208813526
15800.0,0.12813638255425494
15825.0,0.12817271663343785
15850.0,0.12820651435705127
15875.0,0.1282178705504297
15900.0,0.1282120476026884
15925.0,0.1281670909051724
15950.0,0.12807709965977185
15975.0,0.12803948292584588
16000.0,0.1280524011659958
16025.0,0.12808230444060423
16050.0,0.12814163832176367
16075.0,0.12824701554662865
16100.0,0.12830011943340472
16125.0,0.12836259372796696
16150.0,0.12842299152270212
16175.0,0.1284295625160708
16200.0,0.128376516272637
16225.0,0.1283217400382654
16250.0,0.12834415835175875
16275.0,0.12839155478731948
16300.0,0.12845235066110103
16325.0,0.12849317992531376
16350.0,0.12848587324177793
16375.0,0.12843684751097798
16400.0,0.1284433945592647
16425.0,0.1285063722971894
16450.0,0.12857226441094174
16475.0,0.12859390309171811
16500.0,0.12855049137736527
16525.0,0.12844611513753953
16550.0,0.12835981843556604
16575.0,0.12836303712567007
16600.0,0.12838570825526663
16625.0,0.1283847598277213
16650.0,0.12835271302263326
16675.0,0.12832531310368084
16700.0,0.12830750648225714
16725.0,0.1283384695614926
16750.0,0.12837678185038223
16775.0,0.1283990161393506
16800.0,0.12839495502300918
16825.0,0.12839327124509975
16850.0,0.1284025577742927
16875.0,0.1284357589966164
16900.0,0.12847442254873148
16925.0,0.12847340862534484
16950.0,0.1284998489171446
16975.0,0.12851242730417373
17000.0,0.12851871626111508
17025.0,0.12854244349629243
17050.0,0.1286233204217417
17075.0,0.12873410167067909
17100.0,0.1288494538353012
17125.0,0.1289501003606458
17150.0,0.12901427607285362
17175.0,0.12903414817069178
17200.0,0.12908524307873728
17225.0,0.1291433481981551
17250.0,0.12919274779309517
17275.0,0.1292754464798468
17300.0,0.1293906749132862
17325.0,0.1294223790412606
17350.0,0.12942559554353777
17375.0,0.12946662940491163
17400.0,0.12951101807221457
17425.0,0.12956663961346954
17450.0,0.1295793762936886
17475.0,0.12958927658395833
17500.0,0.12955189022486543
17525.0,0.12947440586002854
17550.0,0.12943002411113808
17575.0,0.12939053647237503
17600.0,0.12935639802543478
17625.0,0.12929491155069905
17650.0,0.1292443797915097
17675.0,0.1292130062226749
17700.0,0.1291964375652607
17725.0,0.1291940193796667
17750.0,0.12917849055457406
17775.0,0.12921136118531848
17800.0,0.1292965540642754
17825.0,0.1293883899528527
17850.0,0.12949738947317935
17875.0,0.12956319733958663
17900.0,0.12957315890011123
17925.0,0.12953657537231406
17950.0,0.12954368929094315
17975.0,0.12961093700072662
18000.0,0.1297001360132022
18025.0,0.12978678261348556
18050.0,0.12989049328472296
18075.0,0.13000157913252014
18100.0,0.13008091019695742
18125.0,0.13014480225867647
18150.0,0.13017172046077385
18175.0,0.13017342026944118
18200.0,0.13018337106342895
18225.0,0.1302372818662228
18250.0,0.13025457467700396
18275.0,0.13028497321731108
18300.0,0.13036705438019228
18325.0,0.13044041320459157
18350.0,0.13041888166471552
18375.0,0.13041484285606
18400.0,0.13042423577769008
18425.0,0.13040072450090137
18450.0,0.13037825625821375
18475.0,0.1303665288518242
18500.0,0.13033284820847152
18525.0,0.1302962203564645
18550.0,0.1302710493974289
18575.0,0.13030307865607177
18600.0,0.130348565974609
18625.0,0.13041471711350422
18650.0,0.13047462181071315
18675.0,0.13047340488187595
18700.0,0.13047758701836626
18725.0,0.1304724100002013
18750.0,0.13046883096224546
18775.0,0.13052596547929438
18800.0,0.13060681307896546
18825.0,0.13062241271614014
18850.0,0.13064718580261853
18875.0,0.1306854577155381
18900.0,0.13066605134304785
18925.0,0.13060545073389665
18950.0,0.1305831602306793
18975.0,0.13056051184630063
19000.0,0.13050903767593294
19025.0,0.13050489265213575
19050.0,0.13052606465038163
19075.0,0.13050498056782844
19100.0,0.1304324812897105
19125.0,0.13036176900022428
19150.0,0.1303143614124895
19175.0,0.13035060952588745
19200.0,0.13043962537920253
19225.0,0.13054465638388757
19250.0,0.13063439129092064
19275.0,0.1307010963089009
19300.0,0.13077988189610532
19325.0,0.13092761383482987
19350.0,0.13106358361597278
19375.0,0.13116126326937036
19400.0,0.1312319418410782
19425.0,0.13130320474957535
19450.0,0.13140800981052533
19475.0,0.13146975707459135
19500.0,0.13152391033670868
19525.0,0.13163714407051116
19550.0,0.1317595102390191
19575.0,0.13179786278814812
19600.0,0.131798757828832
19625.0,0.13178320382514003
19650.0,0.1317469080444388
19675.0,0.1316801077523069
19700.0,0.13154437896834154
19725.0,0.13138613753845485
19750.0,0.13119487335270896
19775.0,0.13104017308067054
19800.0,0.13097849472216996
19825.0,0.1309596905623664
19850.0,0.13095344743093618
19875.0,0.13097254726505955
19900.0,0.13098715875058559
19925.0,0.13096265934377765
19950.0,0.13090536403392106
19975.0,0.1308184734417556
20000.0,0.1307496720977629
20025.0,0.13075141386774225
20050.0,0.13075779932003695
20075.0,0.13071339270907892
20100.0,0.13066514128619505
20125.0,0.1306290307675224
20150.0,0.13051482136064385
20175.0,0.13040192152281496
20200.0,0.13034904323662683
20225.0,0.13028346381592432
20250.0,0.1301589038304977
20275.0,0.13011634426001778
20300.0,0.1301357580479345
20325.0,0.13019213450626882
20350.0,0.1302377644358917
20375.0,0.13028624751073345
20400.0,0.13031557328944132
20425.0,0.1302998591124893
20450.0,0.13025693292729254
20475.0,0.13030855393827684
20500.0,0.13040300548935724
20525.0,0.13050908313017542
20550.0,0.13064169404881903
20575.0,0.13072405409305565
20600.0,0.130754023336197
20625.0,0.13080239813263814
20650.0,0.13091371804205598
20675.0,0.13098479067242058
20700.0,0.1309739793145018
20725.0,0.1310128920705649
20750.0,0.13109052209574454
20775.0,0.131128113855187
20800.0,0.13113063474562772
20825.0,0.1311350600510705
20850.0,0.1311683203822854
20875.0,0.1312122161206613
20900.0,0.13130040231697285
20925.0,0.13138340658110267
20950.0,0.13145068737055715
20975.0,0.13147312548459963
21000.0,0.1314868780249003
21025.0,0.13155721510206292
21050.0,0.13163355762066778
21075.0,0.1317087583774194
21100.0,0.13174583188918101
21125.0,0.13172925695728202
21150.0,0.13167212832623673
21175.0,0.13156464264315376
21200.0,0.13147013507056962
21225.0,0.13145711148400888
21250.0,0.13146865563254095
21275.0,0.13144461314829714
21300.0,0.13145594956958312
21325.0,0.13151557135109157
21350.0,0.13155318545174055
21375.0,0.13156232453904848
21400.0,0.1315859848984594
21425.0,0.1315271429709166
21450.0,0.13144173318796332
21475.0,0.13137404379226394
21500.0,0.13137564963975196
21525.0,0.13142867927500138
21550.0,0.13152104434040487
21575.0,0.13164915576672076
21600.0,0.13172160736336197
21625.0,0.13171757123386138
21650.0,0.13169678748210537
21675.0,0.13168940518042538
21700.0,0.13167849215956565
21725.0,0.13167390358567327
21750.0,0.13174714026256054
21775.0,0.13183137938183745
21800.0,0.13190358934774307
21825.0,0.1320040633173881
21850.0,0.1321070565564208
21875.0,0.1322016248132007
21900.0,0.13225828981225654
21925.0,0.13226541285192792
21950.0,0.1322627574223162
21975.0,0.13217865647103652
22000.0,0.1320548423290144
22025.0,0.13196311444482964
22050.0,0.1319091168561359
22075.0,0.13187542616592368
22100.0,0.13183546496483892
22125.0,0.13176233049651498
22150.0,0.13174034979022253
22175.0,0.13178209614905315
22200.0,0.13177346921536293
22225.0,0.13181488242879766
22250.0,0.13191268474170242
22275.0,0.13199922640278022
22300.0,0.13200976701215505
22325.0,0.13198754474483992
22350.0,0.13202988766066984
22375.0,0.1320862621912914
22400.0,0.13207179251280085
22425.0,0.13209046427640367
22450.0,0.13213734623284454
22475.0,0.1321285311957484
22500.0,0.1321759399893617
22525.0,0.13223502060501377
22550.0,0.1322137440607459
22575.0,0.13216416144074028
22600.0,0.1321050879132025
22625.0,0.13204560403642968
22650.0,0.1320133141566379
22675.0,0.13200255026093324
22700.0,0.13195693421593072
22725.0,0.1319344391163593
22750.0,0.13187852095968736
22775.0,0.13176170253258662
22800.0,0.13163784037986914
22825.0,0.13161408312281864
22850.0,0.13170362001284958
22875.0,0.13173995022686832
22900.0,0.13172845362307356
22925.0,0.13177780778398307
22950.0,0.13188302155898768
22975.0,0.13198821377550504
23000.0,0.13212587208364165
23025.0,0.1322467701343911
23050.0,0.13240530662496572
23075.0,0.13259755128665543
23100.0,0.13275889550909822
23125.0,0.1328423205451418
23150.0,0.13290854643406486
23175.0,0.13293382566457942
23200.0,0.13292110520682546
23225.0,0.1329721242747105
23250.0,0.13310249235010915
23275.0,0.1331847952985669
23300.0,0.13316342256442962
23325.0,0.13313582455848044
23350.0,0.13313782307825395
23375.0,0.13310981260301058
23400.0,0.1330464263275284
23425.0,0.1329456603469805
23450.0,0.13288018224888676
23475.0,0.13285532731394428
23500.0,0.13286446433218935
23525.0,0.13288340968522921
23550.0,0.1328830317463115
23575.0,0.13285284363450178
23600.0,0.13280663843274884
23625.0,0.13275100514681104
23650.0,0.13270138604713771
23675.0,0.13265033860567907
23700.0,0.13261811592484196
23725.0,0.13260096018478995
23750.0,0.1326469067133056
23775.0,0.1327468366729532
23800.0,0.13277008001713062
23825.0,0.1327560753178213
23850.0,0.13275416142587504
23875.0,0.13272394979867708
23900.0,0.13272608333376446
23925.0,0.13274354739601094
23950.0,0.13271342801136315
23975.0,0.1326639494210176
24000.0,0.1326674363038219
24025.0,0.13278302012846688
24050.0,0.13287403661475372
24075.0,0.13288657328597042
24100.0,0.13293227661706922
24125.0,0.133015273391301
24150.0,0.13300614988899018
24175.0,0.132944817830431
24200.0,0.13295615011783352
24225.0,0.13299649565281693
24250.0,0.1330263984613871
24275.0,0.1331012445929659
24300.0,0.13314005379662489
24325.0,0.13315943716254647
24350.0,0.13323374996917575
24375.0,0.13329279574551892
24400.0,0.13330628632406985
24425.0,0.13335181519032224
24450.0,0.13338952230583195
24475.0,0.13339139625643703
24500.0,0.1333621256923349
24525.0,0.1333830440471329
24550.0,0.13342191000013998
24575.0,0.13349605033167153
24600.0,0.1335717196884586
24625.0,0.13359886556697514
24650.0,0.1336090258783657
24675.0,0.13364399790899195
24700.0,0.13371630357346684
24725.0,0.13382613959525794
24750.0,0.1339158288827479
24775.0,0.1340303539934616
24800.0,0.13412601905753316
24825.0,0.1341454249436906
24850.0,0.1341628931096088
24875.0,0.13424290833678504
24900.0,0.13428676578585544
24925.0,0.13427668139171495
24950.0,0.1342445751086415
24975.0,0.13429898168259946
25000.0,0.1344034839367057
25025.0,0.13449916798262893
25050.0,0.1345692726368168
25075.0,0.13469123478280462
25100.0,0.13484829835418394
25125.0,0.1349379264027073
25150.0,0.13496676253005055
25175.0,0.13501267208210863
25200.0,0.13501298089584093
25225.0,0.1349499611463357
25250.0,0.13489302732243336
25275.0,0.1348739887717222
25300.0,0.13489787314258928
25325.0,0.1348588560675149
25350.0,0.13481100538682195
25375.0,0.1347891074755696
25400.0,0.13480954693905622
25425.0,0.13483864095082146
25450.0,0.1348714175727574
25475.0,0.13485931824051633
25500.0,0.13488295911235412
25525.0,0.13496963064584364
25550.0,0.13503805325686782
25575.0,0.13509697982844746
25600.0,0.1351410348621207
25625.0,0.13516795644393362
25650.0,0.135160750170469
25675.0,0.1351220252295201
25700.0,0.13507428342436933
25725.0,0.1350158571767222
25750.0,0.134964123268064
25775.0,0.13495142730419266
25800.0,0.13496821536822923
25825.0,0.1350055735022726
25850.0,0.13502891219334964
25875.0,0.13501034310137167
25900.0,0.13499132143692802
25925.0,0.13504261367072945
25950.0,0.1351236098455791
25975.0,0.13519250137426925
26000.0,0.13524470019436682
26025.0,0.1352766976714269
26050.0,0.1353174379899548
26075.0,0.13541323544913125
26100.0,0.13542976565311368
26125.0,0.1354465175224967
26150.0,0.1354748129908837
26175.0,0.13546546469796392
26200.0,0.1354015774978178
26225.0,0.13539004530034843
26250.0,0.1354039957349969
26275.0,0.13535193984298766
26300.0,0.13531343856409256
26325.0,0.13537777181638858
26350.0,0.13549388369274296
26375.0,0.13561743703259338
26400.0,0.1357799422075702
26425.0,0.1359005844810934
26450.0,0.13599344266755325
26475.0,0.1360754080366864
26500.0,0.13615351725382568
26525.0,0.13626394069447392
26550.0,0.1363882334922664
26575.0,0.136478509863063
26600.0,0.13651801831351215
26625.0,0.13654697603036478
26650.0,0.1365336263878504
26675.0,0.13652023569023256
26700.0,0.1364430749018072
26725.0,0.13635040974349508
26750.0,0.13630263120619796
26775.0,0.13631033776369814
26800.0,0.1363326940906874
26825.0,0.13635653699235686
26850.0,0.13634321243825148
26875.0,0.1363107923704193
26900.0,0.1362954428851997
26925.0,0.13634398643071635
26950.0,0.13637542302323571
26975.0,0.13638252749671187
27000.0,0.13650111544333154
27025.0,0.13669425911315047
27050.0,0.13679203542825724
27075.0,0.13691172302518184
27100.0,0.13708481954049787
27125.0,0.13712790204489272
27150.0,0.1370676660219728
27175.0,0.1370577564010276
27200.0,0.13708414678740236
27225.0,0.13709470234516247
27250.0,0.13713324569404672
27275.0,0.13721045613407887
27300.0,0.13725231542471034
27325.0,0.13729402688250214
27350.0,0.1372738024128398
27375.0,0.13717728274849672
27400.0,0.1371305768986323
27425.0,0.1371285448842685
27450.0,0.13709692557652828
27475.0,0.13698740916424462
27500.0,0.1369303568600102
27525.0,0.1369188043799067
27550.0,0.13691294569616866
27575.0,0.13687221653532378
27600.0,0.1368519533732212
27625.0,0.1369024276686427
27650.0,0.13688696561386626
27675.0,0.1368228197993984
27700.0,0.13679348524138873
27725.0,0.1367799773828117
27750.0,0.1367882530638128
27775.0,0.13679567208172758
27800.0,0.1367517193223289
27825.0,0.1366741133563181
27850.0,0.13663206279434045
27875.0,0.13659986228676715
27900.0,0.1366425645823333
27925.0,0.13673946960459624
27950.0,0.1368266595515186
27975.0,0.1369354222145795
28000.0,0.13701346097831768
28025.0,0.13706743201986987
28050.0,0.13710908042114964
28075.0,0.1371282763823327
28100.0,0.13715175005670546
28125.0,0.1371392012555894
28150.0,0.13711484456520734
28175.0,0.13710955123591487
28200.0,0.13708148225551695
28225.0,0.13698605746084894
28250.0,0.13696875593069607
28275.0,0.13697104822262343
28300.0,0.13699034554620185
28325.0,0.13703773287802817
28350.0,0.137072705522233
28375.0,0.13710529199572513
28400.0,0.13713007193673307
28425.0,0.137202996151433
28450.0,0.13733439717594426
28475.0,0.13748726731075953
28500.0,0.13761169261284867
28525.0,0.13765107163644547
28550.0,0.13768007240686594
28575.0,0.13767734387794076
28600.0,0.13761563345611671
28625.0,0.13761254918501054
28650.0,0.13762590888788523
28675.0,0.13755780296702858
28700.0,0.13752402072098446
28725.0,0.1375563119544501
28750.0,0.13758207569033104
28775.0,0.13759491009341096
28800.0,0.13755725551452994
28825.0,0.13753790086923773
28850.0,0.13763888424983967
28875.0,0.13774396280268175
28900.0,0.13778511096830565
28925.0,0.1377606996922269
28950.0,0.13776940452615516
28975.0,0.137797122778101
29000.0,0.13786012368847214
29025.0,0.13794874625854064
29050.0,0.13802842361644443
29075.0,0.13812169562254914
29100.0,0.13813312970878158
29125.0,0.13818582489137793
29150.0,0.13819090159258937
29175.0,0.13814455881514268
29200.0,0.1380958433059577
29225.0,0.1380299112220242
29250.0,0.13795522881562414
29275.0,0.1379326526300704
29300.0,0.13796828567783806
29325.0,0.13805102237378622
29350.0,0.1381355664002789
29375.0,0.13821085740554678
29400.0,0.13831936627230254
29425.0,0.1384123560961595
29450.0,0.13842325793857788
29475.0,0.13842021365033902
29500.0,0.13845477313881396
29525.0,0.13854263613988582
29550.0,0.1386382821224681
29575.0,0.13866881790831564
29600.0,0.1386157888927029
29625.0,0.1386217371192027
29650.0,0.1386817750092345
29675.0,0.1387775460582895
29700.0,0.13885106770737188
29725.0,0.13891729196722466
29750.0,0.13895748325185547
29775.0,0.13897730746214124
29800.0,0.1389870802620521
29825.0,0.1390191367747489
29850.0,0.13905001786349083
29875.0,0.13903470752631453
29900.0,0.1389560078230436
29925.0,0.13888472599849572
29950.0,0.13877058855519248
29975.0,0.13869920869573904
30000.0,0.13872038572182963
30025.0,0.1387435825307765
30050.0,0.13874319563600923
30075.0,0.13871416747679868
30100.0,0.13871743130012595
30125.0,0.13884362435515007
30150.0,0.13894841290157445
30175.0,0.13903185916935173
30200.0,0.13906507497812987
30225.0,0.13914334485193106
30250.0,0.13916719349944234
30275.0,0.13913861901056276
30300.0,0.1391589297700559
30325.0,0.13913677594504906
30350.0,0.13911504417132528
30375.0,0.13912018919879984
30400.0,0.13911142104013083
30425.0,0.139090828454635
30450.0,0.1390991912588391
30475.0,0.13916730005241695
30500.0,0.13925620923900267
30525.0,0.1393225097210699
30550.0,0.1393658397149814
30575.0,0.1394344125735251
30600.0,0.13946821800735276
30625.0,0.1395435812522197
30650.0,0.13956294260906651
30675.0,0.13964787370479423
30700.0,0.13969204568763333
30725.0,0.13971841379237876
30750.0,0.13970131562902088
30775.0,0.13967688930363714
30800.0,0.13969881335021792
30825.0,0.13980196092958044
30850.0,0.13990080820551778
30875.0,0.13993113308708544
30900.0,0.13995939138933886
30925.0,0.13997266152167753
30950.0,0.13998572175967097
30975.0,0.13998011648665204
31000.0,0.13995760825333273
31025.0,0.1399723257355721
31050.0,0.1399764269400414
31075.0,0.13994824147364063
31100.0,0.13985095093518524
31125.0,0.13973539760017625
31150.0,0.13960769166439388
31175.0,0.13950892730848352
31200.0,0.13948650922566805
31225.0,0.13946446622416833
31250.0,0.13944926943921548
31275.0,0.13941782201744904
31300.0,0.13941184233668172
31325.0,0.13939696845933983
31350.0,0.13937692264981225
31375.0,0.13941005407834284
31400.0,0.1393831468241571
31425.0,0.13938261970577212
31450.0,0.13946951320025006
31475.0,0.13957641627129125
31500.0,0.13969592907133943
31525.0,0.13986202611838772
31550.0,0.13999450165175936
31575.0,0.14008603584619514
31600.0,0.14013028853649348
31625.0,0.1401395865862817
31650.0,0.14012029268432583
31675.0,0.14010613961709736
31700.0,0.1401327437183594
31725.0,0.1401227283427838
31750.0,0.14005074851775867
31775.0,0.13991773955343617
31800.0,0.13981622326137258
31825.0,0.13977677735391528
31850.0,0.13980436731120244
31875.0,0.13986392327606045
31900.0,0.14000797931683623
31925.0,0.14016625691603524
31950.0,0.1402604659799712
31975.0,0.14032234892202214
32000.0,0.1403617659256824
32025.0,0.14040832923109284
32050.0,0.14044930424066898
32075.0,0.14053670230859353
32100.0,0.14058741258430868
32125.0,0.14062181353738815
32150.0,0.1406192304434712
32175.0,0.14059709234617307
32200.0,0.14057181042451666
32225.0,0.14063779681530517
32250.0,0.1407896628451357
32275.0,0.1409412384699688
32300.0,0.1409812878861984
32325.0,0.14100834102869145
32350.0,0.14104799493025008
32375.0,0.14110523769351713
32400.0,0.14113904443667313
32425.0,0.1412284518242763
32450.0,0.14131366022194683
32475.0,0.14134942481502394
32500.0,0.14137250707374294
32525.0,0.14143211509642423
32550.0,0.1415574171911018
32575.0,0.14164552974338426
32600.0,0.14164798451474495
32625.0,0.14160614801737376
32650.0,0.14148396225872029
32675.0,0.14132209269371843
32700.0,0.14115369325211882
32725.0,0.1410703248101973
32750.0,0.14100239527849937
32775.0,0.14091045826863202
32800.0,0.1408319875581436
32825.0,0.14080974759555476
32850.0,0.140890534848031
32875.0,0.14098257903493802
32900.0,0.14106022933504153
32925.0,0.14111512704494042
32950.0,0.14113134773263425
32975.0,0.1410162785023199
33000.0,0.14091566687754675
33025.0,0.14085015821696573
33050.0,0.14081647852481136
33075.0,0.14086171215784998
33100.0,0.1409096384363793
33125.0,0.14094974526661078
33150.0,0.14104405810764745
33175.0,0.1411256753946455
33200.0,0.14114062408219127
33225.0,0.141114219049429
33250.0,0.14114778171213266
33275.0,0.14129369238430042
33300.0,0.14145844335917626
33325.0,0.1416194086889162
33350.0,0.14175197232250655
33375.0,0.14185055805076033
33400.0,0.14193024613115138
33425.0,0.14194140250753193
33450.0,0.14197981128642864
33475.0,0.14205804868193805
33500.0,0.1421376032231673
33525.0,0.14220829159979625
33550.0,0.14228808702191567
33575.0,0.14231812713315595
33600.0,0.14230016033406173
33625.0,0.14227632645730232
33650.0,0.14227021139657933
33675.0,0.1422500759529714
33700.0,0.14220237280916048
33725.0,0.14224301599557743
33750.0,0.14229934549569453
33775.0,0.14228111226972823
33800.0,0.14227319704199884
33825.0,0.14223858012343316
33850.0,0.1422289616922495
33875.0,0.14229435568893867
33900.0,0.1423449266877456
33925.0,0.14238860114854102
33950.0,0.14246726337967133
33975.0,0.1424863835124639
34000.0,0.14251477987451547
34025.0,0.1426300437309044
34050.0,0.14269835622229693
34075.0,0.1427049782475423
34100.0,0.14274872411532127
34125.0,0.14275060311624022
34150.0,0.14276996774088035
34175.0,0.1428303256402722
34200.0,0.14293795758631378
34225.0,0.1430906047312614
34250.0,0.1432552712037421
34275.0,0.14342184416540033
34300.0,0.14352096158622127
34325.0,0.1435097337471188
34350.0,0.1434474033760301
34375.0,0.14339647922880877
34400.0,0.14342821699836872
34425.0,0.1434408408907379
34450.0,0.1434108035564245
34475.0,0.1433811717675447
34500.0,0.14337900052257807
34525.0,0.14333870264558468
34550.0,0.14319439882097162
34575.0,0.14306979912129297
34600.0,0.14301125595805597
34625.0,0.1429683962222642
34650.0,0.1429110874099469
34675.0,0.14281712563254734
34700.0,0.14278204220906998
34725.0,0.14268972474871155
34750.0,0.14264857938748063
34775.0,0.14269481625970246
34800.0,0.1427626453481785
34825.0,0.14283291124999217
34850.0,0.14291626401480548
34875.0,0.14297718465134313
34900.0,0.14308837835821886
34925.0,0.1431522265197384
34950.0,0.14314810215918877
34975.0,0.14314157737102282
35000.0,0.1430948039711487
35025.0,0.14296841796023518
35050.0,0.14294317976708965
35075.0,0.14300077270784836
35100.0,0.1430326672440712
35125.0,0.14310078498649353
35150.0,0.1431130897974124
35175.0,0.1430440496589532
35200.0,0.14297154484142807
35225.0,0.14297572968840125
35250.0,0.1430105875348044
35275.0,0.1430440100572742
35300.0,0.14304978451380582
35325.0,0.1430690380884941
35350.0,0.14312528955276546
35375.0,0.14313198579929104
35400.0,0.14308996865148932
35425.0,0.143165303495383
35450.0,0.1432808445401186
35475.0,0.1433786959396754
35500.0,0.14346647128548048
35525.0,0.14347064066295134
35550.0,0.1435554871174633
35575.0,0.1437005974787681
35600.0,0.14382248560311192
35625.0,0.14386312094284526
35650.0,0.14387991808206116
35675.0,0.14389964736969585
35700.0,0.14400169116772507
35725.0,0.14412797498518945
35750.0,0.14420806422051255
35775.0,0.14425718002437915
35800.0,0.14431266868343579
35825.0,0.14434951362099982
35850.0,0.1443922995842271
35875.0,0.144428872972359
35900.0,0.1444338355001931
35925.0,0.14441259995454248
35950.0,0.14435855955638544
35975.0,0.1442030337108017
36000.0,0.1440455114719886
36025.0,0.14394452508297914
36050.0,0.14395744098890792
36075.0,0.14395496910244793
36100.0,0.14396137647954876
36125.0,0.14400280975856602
36150.0,0.14406422246850636
36175.0,0.1440636656672801
36200.0,0.14407305054557287
36225.0,0.14408016550423053
36250.0,0.14408920895076305
36275.0,0.14401349842524924
36300.0,0.14388573108643918
36325.0,0.14376957211208388
36350.0,0.143627929778819
36375.0,0.1435694770784653
36400.0,0.14354743662414463
36425.0,0.1435881580886047
36450.0,0.1436817216314844
36475.0,0.14374561001607478
36500.0,0.1437466209361265
36525.0,0.1437357259243816
36550.0,0.14376490652773158
36575.0,0.14378515892160304
36600.0,0.1437326372916972
36625.0,0.14364944015831174
36650.0,0.14357218977554945
36675.0,0.14352785275579294
36700.0,0.1434829178975403
36725.0,0.1433989571357308
36750.0,0.14336492655427316
36775.0,0.14338464662958986
36800.0,0.14343418603266037
36825.0,0.14348785522857574
36850.0,0.1435228687523201
36875.0,0.14351409383634758
36900.0,0.1435399270564498
36925.0,0.14357319485650422
36950.0,0.1435904498767494
36975.0,0.14356182253174968
37000.0,0.14360996111631796
37025.0,0.14360202864312127
37050.0,0.14348528432283944
37075.0,0.1434381248436138
37100.0,0.1435033834367399
37125.0,0.14361066373504192
37150.0,0.14371251153001394
37175.0,0.1438162014270057
37200.0,0.143867553296892
37225.0,0.1438136997742297
37250.0,0.14380981297310869
37275.0,0.14381368332766278
37300.0,0.14382463350728114
37325.0,0.14379286166542105
37350.0,0.14374955116271834
37375.0,0.14381909020631128
37400.0,0.1438824645674155
37425.0,0.14398154459227228
37450.0,0.14403891372582872
37475.0,0.14403281232108223
37500.0,0.14403366386686425
37525.0,0.1440772841532303
37550.0,0.14406849170430597
37575.0,0.14412078672304193
37600.0,0.14417233036725455
37625.0,0.14414286879120744
37650.0,0.14413325554540166
37675.0,0.14408470779653876
37700.0,0.14403271120018418
37725.0,0.14400521797299368
37750.0,0.14406906899538055
37775.0,0.14414877780945135
37800.0,0.14417288730481595
37825.0,0.14416597239056456
37850.0,0.14417349533540005
37875.0,0.14421629236187997
37900.0,0.14423296973863597
37925.0,0.1442759206246018
37950.0,0.14439576886687536
37975.0,0.14458475696603149
38000.0,0.1447285819509951
38025.0,0.14476583187396003
38050.0,0.1447715283429348
38075.0,0.1448660578998632
38100.0,0.1450145717445468
38125.0,0.14510632382034214
38150.0,0.14514613875905924
38175.0,0.1451993322428295
38200.0,0.14528150650517685
38225.0,0.1453310180973389
38250.0,0.1454207504189091
38275.0,0.14547148855349915
38300.0,0.14550725851967358
38325.0,0.14556637648858506
38350.0,0.1456325251713247
38375.0,0.145683888728523
38400.0,0.14569930452846627
38425.0,0.14571866370396278
38450.0,0.1457679763541434
38475.0,0.14578452378613913
38500.0,0.14583964748632328
38525.0,0.14594808714979857
38550.0,0.14600545415910254
38575.0,0.14597027271709836
38600.0,0.14590510665188636
38625.0,0.14589901738004288
38650.0,0.14597278066716698
38675.0,0.14598772772293686
38700.0,0.1460025349567536
38725.0,0.14600893353712402
38750.0,0.1459565100225215
38775.0,0.14589844298727117
38800.0,0.14586875581776634
38825.0,0.14590558034690473
38850.0,0.14600768453178653
38875.0,0.14607618395132096
38900.0,0.14612727657275024
38925.0,0.14623045788838615
38950.0,0.14636255625378458
38975.0,0.14639206072419297
39000.0,0.14645455703755522
39025.0,0.14658787152533265
39050.0,0.14666829933130932
39075.0,0.14665146979246496
39100.0,0.1465306618617141
39125.0,0.14642316444853468
39150.0,0.14633352172164557
39175.0,0.14627139688419571
39200.0,0.14620966235862554
39225.0,0.14613165453543084
39250.0,0.14609684257505307
39275.0,0.14613250148698184
39300.0,0.1462543718396494
39325.0,0.14637023056189294
39350.0,0.14637754239283018
39375.0,0.14632200213623953
39400.0,0.14629939756722218
39425.0,0.14637053466091807
39450.0,0.14643357683381417
39475.0,0.14645854780396608
39500.0,0.14653582622304137
39525.0,0.14655328896979486
39550.0,0.14645314867222187
39575.0,0.14634979967338713
39600.0,0.14629174387645172
39625.0,0.14625751721631003
39650.0,0.14626302087555362
39675.0,0.1463034629672635
39700.0,0.14630284106884242
39725.0,0.14629281398302968
39750.0,0.14629599602114626
39775.0,0.146258194979552
39800.0,0.14619098181653822
39825.0,0.14614714171806775
39850.0,0.14613964893149262
39875.0,0.14617571327099113
39900.0,0.14618805300188378
39925.0,0.14614618906521837
39950.0,0.14606624876354282
39975.0,0.14598624635845434
40000.0,0.1459102945015044
40025.0,0.14584957610496418
40050.0,0.14579324100194987
40075.0,0.14576434023434534
40100.0,0.1457637457435956
40125.0,0.1457728078889405
40150.0,0.14576419808686158
40175.0,0.1457299609128623
40200.0,0.14569867293654443
40225.0,0.1456774942447667
40250.0,0.14564903121043785
40275.0,0.14563672012359605
40300.0,0.14561228185008174
40325.0,0.14555945131138454
40350.0,0.14553400694305565
40375.0,0.1455410328801013
40400.0,0.14549300816509958
40425.0,0.145398748823115
40450.0,0.1453166863103329
40475.0,0.14521806607896293
40500.0,0.1451429320490964
40525.0,0.14508479845012295
40550.0,0.14507474321588756
40575.0,0.14504963147286237
40600.0,0.14501122216496878
40625.0,0.14500240134062015
40650.0,0.1449696407606784
40675.0,0.144980551094721
40700.0,0.1449785282711417
40725.0,0.1449020433278454
40750.0,0.144900888231855
40775.0,0.14492115262909527
40800.0,0.14490252108250093
40825.0,0.14490368130104345
40850.0,0.14485758549589373
40875.0,0.1448445396573032
40900.0,0.14500558902344104
40925.0,0.145232364192033
40950.0,0.14540403475737657
40975.0,0.14549969305183624
41000.0,0.14554512155565616
41025.0,0.14554233119398977
41050.0,0.1454496450276246
41075.0,0.14534962334942197
41100.0,0.14531409120818556
41125.0,0.14538396046346777
41150.0,0.14553700754009982
41175.0,0.14569596321019695
41200.0,0.14581986216340628
41225.0,0.14587779919920668
41250.0,0.14588924084821456
41275.0,0.1459569605786432
41300.0,0.14602841312690762
41325.0,0.1460744960641624
41350.0,0.14604472898264512
41375.0,0.14598335283265665
41400.0,0.14591409656152646
41425.0,0.14590794777463575
41450.0,0.14593742646212038
41475.0,0.1459825765172985
41500.0,0.14594874850604905
41525.0,0.1458795451353175
41550.0,0.14582502126996358
41575.0,0.14585017835575115
41600.0,0.14597756976168155
41625.0,0.14607207451259194
41650.0,0.1460196645001827
41675.0,0.14599380594028014
41700.0,0.14597814939798873
41725.0,0.14588220254442277
41750.0,0.14577152046321953
41775.0,0.14568200509628915
41800.0,0.14568568127292864
41825.0,0.14567824654612369
41850.0,0.14568068416339597
41875.0,0.14569420463722546
41900.0,0.1457005268674153
41925.0,0.14575345001057355
41950.0,0.1457165305276733
41975.0,0.1456785214564708
42000.0,0.14567915426524056
42025.0,0.14567640319588462
42050.0,0.1457000186529215
42075.0,0.14582478971814905
42100.0,0.14597616915947464
42125.0,0.146081132457146
42150.0,0.1462370150264301
42175.0,0.14643513266027977
42200.0,0.14649545799288746
42225.0,0.14651712070933848
42250.0,0.14659594676368215
42275.0,0.1466698252505874
42300.0,0.14664241415639084
42325.0,0.14663316628881967
42350.0,0.14661317672137314
42375.0,0.14656271487128347
42400.0,0.1465072867729353
42425.0,0.14645941541558713
42450.0,0.14632011840904302
42475.0,0.14617970856399232
42500.0,0.1460989070536562
42525.0,0.14602090188025824
42550.0,0.14592058937175145
42575.0,0.14577615972311664
42600.0,0.14563769028902232
42625.0,0.14551441919335703
42650.0,0.14540998286851092
42675.0,0.14533041606614222
42700.0,0.14525790996436622
42725.0,0.14523014771339623
42750.0,0.14528389827844285
42775.0,0.14536958633905625
42800.0,0.14545556883015912
42825.0,0.14550582472154577
42850.0,0.14560516375871593
42875.0,0.14564987289969988
42900.0,0.14570760546138536
42925.0,0.14576333518853124
42950.0,0.14579355678351263
42975.0,0.14577905418667064
43000.0,0.14575982604705168
43025.0,0.14572791898081863
43050.0,0.14568607485117266
43075.0,0.1457021981426343
43100.0,0.14579600772688242
43125.0,0.14586546314118923
43150.0,0.14593430755394726
43175.0,0.1460134119533116
43200.0,0.1460827808197393
43225.0,0.1461437534254473
43250.0,0.14625738363000437
43275.0,0.14641561834041433
43300.0,0.14646868035248586
43325.0,0.14643087327208357
43350.0,0.14639443467783822
43375.0,0.14634264947675732
43400.0,0.14619301815970584
43425.0,0.14602921626142776
43450.0,0.14591952795403762
43475.0,0.14578279153127083
43500.0,0.14558891964966159
43525.0,0.14540301211691228
43550.0,0.14534635354575948
43575.0,0.14538479384156014
43600.0,0.14544399442257464
43625.0,0.14559292796551712
43650.0,0.14576766872313265
43675.0,0.1459610119680115
43700.0,0.14606549415937903
43725.0,0.1460714395025343
43750.0,0.14610862477057032
43775.0,0.14617901753293167
43800.0,0.1462380653859768
43825.0,0.146341199094463
43850.0,0.1464075526078268
43875.0,0.1464540510611554
43900.0,0.14655106894487854
43925.0,0.14664667706608825
43950.0,0.14665700565292653
43975.0,0.1465966157309042
44000.0,0.14649619836772368
44025.0,0.14644742867917002
44050.0,0.14641685039936359
44075.0,0.14639053752724696
44100.0,0.14643575585289836
44125.0,0.14657010188074912
44150.0,0.14670948353815083
44175.0,0.14677887020985916
44200.0,0.1467620440385041
44225.0,0.14671486371102618
44250.0,0.14668603580911718
44275.0,0.1467200427587067
44300.0,0.14676433685764137
44325.0,0.14682587938258587
44350.0,0.1468255666464091
44375.0,0.14673961634504445
44400.0,0.14668728808198736
44425.0,0.14665715274678948
44450.0,0.1466520801252135
44475.0,0.14666005492482526
44500.0,0.1466154065142798
44525.0,0.14659172775442006
44550.0,0.1465371222187577
44575.0,0.1464891021473141
44600.0,0.14644656267322126
44625.0,0.14638719314878554
44650.0,0.1464032189041901
44675.0,0.1464354956627267
44700.0,0.1463803632655648
44725.0,0.14626311453150198
44750.0,0.14622456099727932
44775.0,0.1462169757106271
44800.0,0.14619096440359672
44825.0,0.14623144889390394
44850.0,0.14629516114621105
44875.0,0.1462969128103202
44900.0,0.14621657395163032
44925.0,0.14621427623145233
44950.0,0.1462615104892726
44975.0,0.14629027702892536
45000.0,0.14628109934292005
45025.0,0.14632209113339414
45050.0,0.1463556155619237
45075.0,0.14641251618657572
45100.0,0.1465250979846639
45125.0,0.14654045815656044
45150.0,0.14653225333976333
45175.0,0.14659255689436648
45200.0,0.14670157589125832
45225.0,0.14674083031145646
45250.0,0.1466229944477305
45275.0,0.14650675160619536
45300.0,0.1464984715007495
45325.0,0.14653859707523237
45350.0,0.14652157538204083
45375.0,0.14648357503535583
45400.0,0.14649457074331154
45425.0,0.14650587842344745
45450.0,0.1464637536548225
45475.0,0.14650155312051893
45500.0,0.14655988228303682
45525.0,0.14663796622506997
45550.0,0.14662351209048424
45575.0,0.14661413424816708
45600.0,0.14666204018929896
45625.0,0.14680562103680442
45650.0,0.14699129624012142
45675.0,0.14717569465530597
45700.0,0.14721270763919034
45725.0,0.14719488375004638
45750.0,0.1472612417729786
45775.0,0.1472685817677282
45800.0,0.14722937871387912
45825.0,0.1471831202643996
45850.0,0.14713040731209376
45875.0,0.14703637653637305
45900.0,0.14697516466811741
45925.0,0.14693563129794854
45950.0,0.14689586518651218
45975.0,0.14676591468975592
46000.0,0.1466650536308496
46025.0,0.14664610705095657
46050.0,0.14665572147244418
46075.0,0.1466759116778477
46100.0,0.14672854058907428
46125.0,0.14675590509706332
46150.0,0.14679815828160514
46175.0,0.14678796835598062
46200.0,0.14678339787450018
46225.0,0.1468070478389234
46250.0,0.14681067993646224
46275.0,0.14681146887155458
46300.0,0.1468237397750968
46325.0,0.1468437618636959
46350.0,0.14682617806554435
46375.0,0.14685759271640297
46400.0,0.14686065712839702
46425.0,0.14682187500108396
46450.0,0.14672452339590716
46475.0,0.1466116009107449
46500.0,0.14655322691670053
46525.0,0.14658630048024204
46550.0,0.1465901828516549
46575.0,0.14656881359181004
46600.0,0.14651198156223688
46625.0,0.14654858831891254
46650.0,0.1466245015840312
46675.0,0.14664920234707393
46700.0,0.14664781313636518
46725.0,0.1466203389026651
46750.0,0.14657125319306216
46775.0,0.14660164857096153
46800.0,0.14664764354328186
46825.0,0.14678903705852717
46850.0,0.14692289842481643
46875.0,0.14694881739152102
46900.0,0.14690614036310098
46925.0,0.14683852778614284
46950.0,0.14676461695250329
46975.0,0.14675821872044809
47000.0,0.14675195011413567
47025.0,0.14676287673480376
47050.0,0.14669625678833986
47075.0,0.1465065982382522
47100.0,0.1463449675043915
47125.0,0.1463090586109692
47150.0,0.14634235865059722
47175.0,0.14633396280867236
47200.0,0.14632022978309336
47225.0,0.1463603680036818
47250.0,0.1464173533959486
47275.0,0.14644485554547435
47300.0,0.1464159437943651
47325.0,0.1463849250461488
47350.0,0.1464269987416862
47375.0,0.1464555876822279
47400.0,0.14640139785822326
47425.0,0.14631337201908098
47450.0,0.14617480882090844
47475.0,0.14605769316927214
47500.0,0.1459898953015962
47525.0,0.14592710063510014
47550.0,0.14590683321289927
47575.0,0.14585706429425532
47600.0,0.14595130327073916
47625.0,0.14599901134750476
47650.0,0.14604370594212637
47675.0,0.14616334114348137
47700.0,0.14629068931087275
47725.0,0.14636889058891975
47750.0,0.14649594977713284
47775.0,0.14655211188011252
47800.0,0.14652668037114813
47825.0,0.1464659450873575
47850.0,0.14642150088150918
47875.0,0.14641311242177463
47900.0,0.14636524202964954
47925.0,0.14630437539377072
47950.0,0.14629927586239255
47975.0,0.14625832078109813
48000.0,0.14620000002668004
48025.0,0.14607978025635054
48050.0,0.14597829140502286
48075.0,0.14592223876241478
48100.0,0.14581567675373958
48125.0,0.14573710969950313
48150.0,0.14568691769843584
48175.0,0.1455473028186547
48200.0,0.14542000400926636
48225.0,0.14540149283498302
48250.0,0.14547445080140392
48275.0,0.14548615004622234
48300.0,0.14549180653353683
48325.0,0.14543330249028658
48350.0,0.14539868722826962
48375.0,0.14542734687464398
48400.0,0.14547283330901895
48425.0,0.14547440485088822
48450.0,0.14553193179499985
48475.0,0.1455535201385008
48500.0,0.14559262486362112
48525.0,0.14566191025425299
48550.0,0.14562061862408585
48575.0,0.1455628673843176
48600.0,0.14550981646672617
48625.0,0.14547808123768738
48650.0,0.1455713368351506
48675.0,0.1456979453147864
48700.0,0.14575585855211243
48725.0,0.14571550988001492
48750.0,0.14569922048087022
48775.0,0.1456930862754613
48800.0,0.14565652446393385
48825.0,0.14562067475296214
48850.0,0.14561026994086385
48875.0,0.14557904831343874
48900.0,0.14550226580123393
48925.0,0.1453943898967023
48950.0,0.1453272894979258
48975.0,0.145330599870725
49000.0,0.14530793025277317
49025.0,0.1452039987372731
49050.0,0.145122923788526
49075.0,0.1451003551051846
49100.0,0.14512098619158842
49125.0,0.14514873768992181
49150.0,0.14523821683740465
49175.0,0.14534036998582292
49200.0,0.14534142063822442
49225.0,0.14541581997528838
49250.0,0.14548291285463816
49275.0,0.14551231091497263
49300.0,0.14546363469578708
49325.0,0.14535260150064283
49350.0,0.14527089403483043
49375.0,0.1451934824743148
49400.0,0.1450483941879022
49425.0,0.14494492951917803
49450.0,0.14486825713294973
49475.0,0.14482919921812262
49500.0,0.14486619535493625
49525.0,0.14490050773423097
49550.0,0.14489648994663254
49575.0,0.14488743994605252
49600.0,0.1448853730122519
49625.0,0.14489058537105076
49650.0,0.1449727278266276
49675.0,0.14501810319213582
49700.0,0.1450883240199775
49725.0,0.14511465976375945
49750.0,0.1451295302961611
49775.0,0.1450360799217504
49800.0,0.14488026584908628
49825.0,0.144780461702436
49850.0,0.1447762284856618
49875.0,0.1448307277812752
49900.0,0.14486791863876597
49925.0,0.14482796764667616
49950.0,0.1448140020139719
49975.0,0.1448241767133722
50000.0,0.14482426862942085
